00
00
00
00
00
00
00
e0
00
00
00
00
00
00
00
15
24
24
24
04
00
04
24
04
ff
03
7f
28
00
15
15
15
66
00
0d
f2
00
0f
04
08
00
20
00
00
00
00
15
15
15
00
07
00
3f
00
00
00
00
00
00
00
00
00
00
3f
dd
0d
00
07
00
05
00
07
00
05
00
07
00
05
00
00
00
11
11
11
00
00
00
3f
dd
0d
00
06
00
07
00
06
00
07
00
06
00
07
00
00
00
11
11
11
00
00
00
3f
dd
0d
00
08
00
07
00
08
00
07
00
08
00
07
00
00
00
11
11
11
00
00
00
3f
dd
0d
00
07
00
06
00
07
00
06
00
07
00
06
00
00
00
11
11
11
00
00
00
3f
dd
0d
00
07
00
06
00
07
00
06
00
07
00
06
00
00
00
11
11
11
00
00
00
00
00
70
00
00
00
00
00
00
00
00
00
00
00
00
00
00
00
00
00
00
00
00
00
00
00
70
00
00
00
00
00
00
00
00
00
00
00
00
00
00
00
00
00
00
00
00
00
dd
0d
70
00
00
00
00
00
00
00
00
3f
3f
38
00
00
00
07
00
00
00
00
00
73
00
11
03
00
11
03
01
11
0b
10
11
03
00
11
99
99
90
99
00
00
00
00
00
00
00
00
15
00
00
00
00
00
00
00
00
00
00
00
ff
ff
ff
40
40
40
2a
2a
2a
00
00
ff
ff
ff
40
40
40
2a
2a
2a
4e
4e
4e
aa
0a
07
00
ff
ff
ff
ff
ff
00
00
88
88
88
88
88
03
00
11
03
00
11
03
01
11
0b
10
11
03
00
11
03
00
11
03
00
11
03
01
11
0b
10
11
03
00
11
00
00
00
aa
